<?xml version="1.0"?>
<opencv_storage>
<calibration_time>"Sat Dec 19 11:05:45 2015"</calibration_time>
<image_width>512</image_width>
<image_height>424</image_height>
<board_width>6</board_width>
<board_height>9</board_height>
<square_size>23.</square_size>
<flags>0</flags>
<camera_matrix type_id="opencv-matrix">
  <rows>3</rows>
  <cols>3</cols>
  <dt>d</dt>
  <data>
    3.5700467438578238e+002 0. 2.5509749755195438e+002 0.
    3.5933449591833659e+002 2.0267929291844047e+002 0. 0. 1.</data></camera_matrix>
<distortion_coefficients type_id="opencv-matrix">
  <rows>5</rows>
  <cols>1</cols>
  <dt>d</dt>
  <data>
    1.2923876930546166e-001 -3.3613919370768203e-001
    3.2586955681343770e-003 -2.0524778533974304e-003
    2.8694926155605153e-002</data></distortion_coefficients>
<avg_reprojection_error>7.4461736369817000e-001</avg_reprojection_error>
</opencv_storage>
